batch_size : 10 #[1000,500,100]
discriminator_lr : 0.0001 #[0.1,0.0001,0.00000001]
generator_lr : 0.0001 #[0.1,0.0001,0.00000001]